4002516375470
4002516369134
4002516356363
4002516356370
4002516463818
4002516463405
4002516451235
4002516466895
4002515824481
4002515942420
4002515824528
4002515825730
4002516365945
4002516365976
4002516365938
4002516590651
4002515824412
4002515994511
4002515994528
4002515994566
4002516553793
4002515994573
4002516553809
4002515824160
4002515824634
4002516555483
4002516554684
4002516554691
4002516554714
4002515824788
4002515639221
4002515954379
4002515812099
4002516314813
4002516314998
4002516469544
4002516379348
4002516551867
4002516314851
4002516315018
4002516375845
4002516314844
4002516242550
4002516369219
4002516384601
4002516527138
4002516348177
4002516352075
4002516348184
4002516359722
4002515639238
4002515639214
4002515785881
4002515813898
4002515639191
4002515799413
4002515954362
4002516209126
4002516208563
4002516182160
4002515954331
4002516315551
4002516314837
4002516208525
4002516208549
4002516182108
4002516181866
4002515286579
4002515811863
4002515812075
4002515812440
4002515812433
4002515639023
4002515597620
4002515597491
4002514356433
4002516147275
4002515954324
4002515954621
4002516257875
4002516369011
4002516369110
4002516459576
4002516375852
4002516314929
4002516314912
4002516366126
4002516375869
4002516314943
4002516314936
4002516257905
4002516385325
4002516384960
4002516303299
4002516258100
4002516072751
4002516527121
4002516237389
4002516368809
4002516258711
4002516059585
4002516403890
4002516403906
4002516237433
4002516445562
4002516445586
4002516445593
4002516445913
4002516445609
4002516057178
4002516258513
4002516356431
4002516469490
4002516356417
4002516356479
4002516553854
4002516365969
4002515488485
4002516678199
4002515488492
4002515591444
4002515315941
4002516548478
4002515636152
4002515620076
4002516531500
4002516531654
9005835310332
4002516495710
4002516505150
2022200117904
4002515773390
4002515641217
4002515105917
4002515584125
4002516653103
4002516464907
4002516752868
4002516531227
4002516676997
4002516678472
4002516258872
